c file generated by mubqpGenerator.R with seed  42 the 01/26/2021 21:42:22 
c version 1.0
c
c one column for each dimension
c each matrix is given by: c(1,1) ... c(N,1) c(1,2) ... c(N,2) ... c(N,N)
c
p MUBQP 0.8 1 100 5 
p matrices
83  
-43  
28  
47  
31  
-8  
87  
-8  
96  
-5  
81  
98  
-84  
-22  
-11  
48  
-22  
-99  
-99  
81  
-24  
-93  
-14  
78  
94  
-33  
-20  
-92  
35  
-48  
35  
52  
70  
-46  
39  
-91  
-57  
-61  
-98  
3  
16  
-28  
55  
-53  
-83  
33  
-58  
85  
-33  
49  
25  
-57  
88  
48  
7  
22  
50  
7  
-100  
22  
-29  
15  
44  
84  
-53  
81  
26  
70  
64  
53  
-70  
-7  
47  
-66  
-41  
44  
56  
36  
-62  
-73  
87  
20  
7  
-10  
-77  
46  
-17  
-15  
65  
59  
84  
-37  
48  
84  
-73  
-61  
-74  
-86  
6  
49  
77  
70  
-68  
94  
-50  
8  
-33  
-10  
15  
9  
-2  
9  
-37  
-39  
-90  
-30  
-39  
99  
-83  
11  
-86  
-86  
10  
-68  
0  
-33  
-46  
-96  
-78  
14  
43  
-38  
0  
74  
85  
-73  
-9  
77  
-36  
-4  
-7  
-63  
-34  
-2  
-32  
73  
-37  
-34  
51  
-71  
-3  
-88  
76  
-22  
-36  
-78  
-1  
-58  
-41  
80  
-14  
-72  
13  
-28  
44  
85  
-68  
35  
7  
63  
-18  
60  
-92  
91  
61  
-12  
-85  
48  
37  
-1  
12  
-44  
29  
23  
-22  
-82  
52  
42  
-60  
-89  
16  
-27  
20  
-80  
-66  
72  
31  
44  
93  
10  
-95  
26  
76  
96  
-83  
-75  
-52  
-71  
-48  
-15  
-77  
96  
9  
-7  
38  
3  
-11  
86  
-17  
-80  
30  
-27  
-40  
-71  
33  
-14  
39  
-19  
-49  
79  
-21  
66  
-77  
-36  
-21  
-30  
82  
-2  
19  
-65  
-53  
68  
79  
79  
-83  
96  
69  
-2  
52  
-67  
-73  
4  
-77  
15  
81  
-70  
-54  
4  
-69  
-30  
62  
67  
30  
-94  
-4  
71  
58  
-15  
-99  
5  
43  
4  
13  
33  
-31  
81  
36  
-79  
83  
77  
59  
-90  
-43  
47  
3  
27  
99  
-59  
-97  
22  
-51  
34  
-58  
97  
-10  
-37  
-13  
61  
8  
-90  
0  
55  
3  
54  
-12  
-5  
37  
68  
-79  
-3  
-6  
-55  
-70  
-47  
44  
-32  
-57  
13  
-78  
70  
-37  
15  
4  
0  
93  
-59  
75  
3  
-60  
-5  
54  
-33  
-56  
12  
68  
-6  
-83  
-81  
-56  
-40  
-2  
50  
-34  
-73  
46  
22  
75  
-91  
7  
82  
53  
-59  
54  
-62  
-35  
76  
-23  
59  
-23  
-89  
-60  
-72  
-37  
-26  
-12  
-19  
94  
-83  
-32  
27  
90  
7  
78  
-90  
85  
-51  
-22  
-73  
11  
93  
98  
-72  
37  
84  
-16  
-17  
-24  
45  
84  
51  
25  
-24  
38  
-42  
-22  
73  
34  
19  
-20  
65  
82  
-62  
4  
4  
-44  
-68  
0  
49  
86  
-94  
-52  
-24  
-90  
-55  
-56  
-53  
-97  
17  
-47  
87  
57  
-85  
8  
-45  
63  
4  
-42  
34  
12  
-13  
96  
-40  
-36  
-88  
-3  
63  
-96  
-20  
-76  
85  
83  
26  
85  
-61  
66  
-44  
25  
-24  
-22  
42  
-81  
-20  
14  
-31  
8  
-25  
89  
52  
100  
-57  
58  
96  
24  
-72  
-69  
-3  
81  
55  
-97  
-52  
-1  
-86  
51  
-99  
11  
-30  
-38  
-22  
25  
31  
-18  
-95  
-85  
-86  
55  
-19  
21  
-88  
-41  
43  
-14  
-9  
-6  
77  
-46  
50  
63  
-77  
10  
-1  
70  
64  
0  
11  
-53  
-16  
-70  
-67  
-78  
60  
74  
-32  
-74  
-7  
98  
96  
-91  
-28  
87  
-3  
89  
-26  
45  
18  
100  
64  
-77  
-45  
29  
-94  
-93  
-74  
-27  
78  
-22  
13  
-5  
-52  
83  
-73  
-18  
-27  
41  
89  
39  
83  
55  
-47  
6  
83  
-88  
25  
-12  
62  
55  
24  
86  
-87  
64  
-89  
44  
7  
67  
6  
-88  
-96  
41  
-6  
-43  
-24  
-50  
-13  
-65  
-95  
-17  
70  
94  
0  
-6  
66  
4  
-34  
-92  
-79  
32  
-86  
71  
-82  
-15  
0  
-1  
12  
45  
-10  
-20  
13  
-34  
88  
-97  
70  
-20  
33  
68  
60  
-49  
88  
-90  
61  
-39  
-94  
-94  
19  
97  
22  
74  
60  
-49  
66  
28  
16  
68  
55  
-47  
31  
-63  
47  
-33  
35  
29  
-21  
36  
43  
-18  
76  
84  
-49  
-56  
39  
-64  
-35  
58  
-43  
-95  
49  
-89  
-82  
-100  
59  
20  
36  
60  
-3  
-73  
43  
81  
-87  
-46  
-23  
-80  
51  
-45  
79  
4  
53  
88  
21  
72  
17  
-87  
2  
53  
38  
-14  
-78  
48  
-64  
-79  
45  
-78  
19  
0  
-82  
76  
-45  
77  
-37  
-43  
-2  
-28  
-28  
-62  
-77  
46  
-58  
-83  
-39  
-58  
-97  
-23  
13  
23  
31  
-68  
-26  
-69  
-47  
-77  
-74  
47  
-21  
-20  
92  
-5  
-41  
55  
-37  
83  
-29  
-46  
-76  
26  
86  
-28  
21  
26  
85  
49  
-72  
-51  
-54  
11  
0  
29  
-49  
-29  
54  
-8  
-49  
67  
1  
-64  
91  
-76  
-93  
-98  
49  
-41  
-22  
23  
-36  
-89  
-95  
-27  
14  
-98  
23  
33  
80  
13  
16  
45  
-2  
-6  
9  
54  
-33  
-38  
-61  
-66  
26  
88  
-67  
-15  
-70  
64  
-25  
14  
27  
-71  
-8  
-18  
50  
-78  
-77  
56  
-44  
-49  
9  
-25  
94  
20  
13  
65  
-5  
4  
-72  
-98  
-77  
9  
-70  
51  
53  
17  
-16  
-83  
-24  
-35  
49  
81  
38  
-74  
91  
69  
18  
-97  
-66  
-5  
55  
-76  
100  
-99  
-19  
-20  
-49  
-25  
54  
-62  
-96  
7  
0  
-1  
50  
-1  
56  
-96  
-74  
27  
-28  
66  
-68  
53  
-50  
-73  
-27  
4  
-78  
-56  
-79  
69  
53  
-70  
42  
-20  
-73  
33  
-25  
62  
-15  
77  
-39  
17  
29  
22  
16  
-1  
-7  
83  
64  
-46  
84  
12  
-48  
13  
-12  
8  
-67  
-59  
83  
66  
-62  
-63  
92  
94  
-56  
-81  
99  
18  
15  
6  
84  
-15  
86  
-17  
39  
-70  
14  
77  
-13  
80  
99  
65  
-20  
8  
-34  
97  
-100  
6  
9  
17  
-88  
17  
15  
79  
40  
74  
-66  
-10  
15  
21  
-51  
86  
-46  
-89  
31  
49  
65  
-66  
-20  
-82  
60  
27  
64  
46  
-46  
14  
-94  
38  
67  
-62  
-97  
-87  
-73  
79  
0  
-78  
42  
-97  
-20  
73  
-27  
81  
93  
-76  
-75  
-64  
40  
60  
77  
81  
72  
65  
13  
-63  
-53  
32  
91  
91  
-95  
-60  
84  
-71  
-89  
45  
92  
95  
41  
53  
42  
-1  
-100  
55  
-30  
69  
-47  
-90  
79  
14  
100  
64  
71  
56  
-45  
-29  
71  
71  
44  
-68  
91  
-83  
-34  
-45  
-11  
-68  
59  
-57  
27  
62  
-76  
69  
-97  
18  
87  
42  
64  
-42  
23  
73  
-82  
68  
-84  
-38  
99  
39  
-7  
67  
-19  
47  
-27  
-98  
36  
-39  
-43  
0  
82  
23  
60  
47  
8  
50  
-11  
-79  
27  
-98  
-68  
-5  
-13  
-33  
68  
-72  
-99  
56  
4  
-9  
-30  
-91  
-66  
39  
2  
-84  
45  
57  
-11  
-1  
84  
31  
78  
-4  
86  
-6  
64  
-27  
-72  
68  
98  
-26  
86  
-19  
64  
-68  
22  
-55  
-82  
49  
89  
-57  
-62  
-72  
-35  
49  
52  
34  
55  
-36  
-14  
50  
-22  
-66  
-83  
99  
-91  
2  
95  
60  
-15  
41  
93  
15  
-43  
85  
94  
-68  
53  
10  
52  
40  
-2  
34  
-77  
-84  
53  
7  
-10  
-91  
-43  
15  
-37  
6  
30  
-11  
33  
-19  
-25  
-20  
48  
59  
98  
-67  
-52  
48  
90  
78  
-36  
-50  
91  
88  
17  
91  
-1  
-59  
-4  
6  
-88  
-14  
-32  
38  
-40  
37  
41  
-22  
-3  
98  
88  
88  
5  
-60  
43  
5  
100  
-95  
-16  
86  
-96  
-20  
26  
-17  
-65  
-10  
82  
-82  
84  
64  
-78  
-87  
3  
23  
76  
-3  
33  
80  
76  
59  
25  
30  
77  
73  
-5  
28  
91  
86  
-67  
85  
-7  
-88  
80  
7  
67  
95  
72  
-28  
-11  
-68  
-59  
38  
-24  
49  
59  
28  
-31  
-87  
9  
-70  
48  
56  
25  
-70  
-55  
-38  
12  
98  
-64  
-97  
-10  
-60  
-97  
-62  
-29  
-73  
53  
64  
-25  
-86  
45  
-61  
-59  
12  
-67  
-23  
-56  
31  
-60  
-60  
-66  
1  
78  
-63  
17  
-49  
-72  
72  
-43  
89  
-51  
49  
73  
97  
-59  
6  
65  
-38  
45  
-33  
-74  
-97  
39  
-27  
91  
-74  
-37  
58  
-21  
37  
82  
97  
4  
-60  
-72  
-42  
-33  
-77  
45  
85  
-34  
-70  
-80  
56  
3  
-94  
-10  
0  
-60  
-78  
-35  
-52  
-50  
-98  
-12  
66  
75  
96  
21  
-71  
38  
73  
94  
58  
84  
34  
-80  
-61  
94  
52  
-50  
-52  
-64  
12  
-20  
-65  
78  
1  
55  
-30  
14  
70  
50  
65  
-93  
14  
-15  
-48  
-42  
91  
33  
-11  
65  
-41  
11  
85  
-26  
-58  
-42  
-71  
20  
26  
61  
93  
84  
-79  
95  
11  
-30  
94  
33  
92  
-3  
-54  
-95  
74  
-63  
62  
10  
36  
79  
-37  
-36  
-18  
71  
-37  
-14  
57  
56  
57  
4  
55  
23  
-47  
93  
-94  
60  
27  
2  
-46  
-21  
93  
-8  
-30  
-62  
-38  
-7  
-83  
75  
8  
86  
68  
84  
-82  
44  
-28  
-4  
-45  
17  
7  
-97  
61  
12  
-67  
-73  
-51  
-89  
11  
87  
15  
40  
-86  
-88  
-63  
53  
-62  
42  
-17  
30  
-70  
-66  
-8  
-17  
-93  
41  
-95  
-32  
4  
-52  
-84  
-31  
-9  
-64  
-83  
-77  
-40  
-35  
84  
-80  
30  
-32  
7  
-49  
58  
-91  
12  
2  
71  
-18  
38  
31  
-48  
-7  
-11  
74  
19  
23  
98  
32  
28  
41  
88  
66  
26  
-46  
28  
11  
-93  
-88  
-93  
84  
46  
-98  
36  
5  
-20  
-54  
-80  
61  
-44  
-11  
44  
41  
-31  
-41  
20  
-76  
24  
14  
20  
-22  
-92  
-96  
-80  
29  
-12  
-54  
-57  
42  
-89  
55  
35  
-62  
-8  
63  
82  
86  
29  
-17  
35  
-20  
-68  
60  
51  
79  
90  
86  
57  
-3  
-7  
-32  
-57  
-30  
46  
30  
-77  
77  
80  
86  
-78  
-32  
-32  
-35  
-43  
-42  
-67  
-43  
-26  
15  
46  
66  
-58  
3  
98  
-36  
54  
-52  
71  
41  
-64  
69  
74  
62  
-99  
11  
87  
-14  
-49  
-12  
-98  
-75  
-7  
60  
17  
48  
-70  
86  
77  
46  
-14  
61  
-46  
-62  
-97  
15  
-98  
-2  
34  
57  
69  
46  
-61  
63  
5  
-94  
-9  
-93  
-71  
-46  
-44  
65  
-5  
-65  
-47  
-43  
15  
41  
-33  
-27  
40  
-62  
-13  
-11  
-56  
-49  
-24  
-62  
-8  
-80  
29  
-36  
58  
33  
-39  
-27  
46  
54  
37  
26  
-93  
10  
-84  
6  
-49  
-8  
-76  
-13  
87  
93  
-99  
-90  
-84  
-80  
96  
69  
-9  
67  
98  
48  
92  
-75  
-72  
71  
63  
62  
37  
-36  
66  
94  
79  
-83  
36  
1  
7  
-14  
-79  
26  
82  
90  
37  
-54  
-44  
-46  
45  
-19  
100  
-21  
12  
-16  
-48  
60  
-40  
0  
-22  
-100  
48  
13  
-61  
83  
-79  
-92  
-51  
-76  
57  
7  
-29  
1  
-66  
14  
15  
-6  
0  
-73  
65  
-86  
97  
90  
40  
-82  
33  
-90  
-21  
57  
60  
3  
-19  
21  
-89  
-29  
93  
-92  
90  
40  
-28  
97  
-3  
94  
2  
42  
-43  
-65  
-95  
-47  
53  
-73  
-75  
-34  
13  
-38  
77  
23  
-3  
-73  
-65  
36  
-26  
73  
-90  
26  
-40  
86  
33  
-69  
-81  
18  
-24  
-7  
-13  
49  
-72  
100  
23  
-41  
-12  
41  
47  
-92  
-96  
-7  
60  
13  
69  
31  
32  
91  
-71  
-57  
30  
20  
-97  
41  
-80  
-78  
92  
75  
-55  
90  
-40  
70  
83  
82  
79  
-23  
-42  
79  
-6  
-51  
-69  
81  
55  
86  
-46  
20  
-72  
7  
-60  
30  
-3  
85  
25  
-31  
-92  
-35  
-44  
75  
35  
-44  
18  
11  
26  
-23  
76  
81  
-76  
68  
-54  
18  
68  
38  
-1  
8  
98  
85  
1  
-25  
93  
7  
31  
81  
-46  
-34  
-30  
14  
-98  
-32  
52  
24  
27  
-89  
17  
-9  
2  
63  
85  
-20  
-45  
-20  
56  
-9  
-32  
-4  
82  
-64  
-24  
-71  
97  
-36  
64  
3  
-14  
-28  
-58  
82  
47  
2  
-73  
-37  
66  
-68  
-43  
57  
30  
-45  
90  
-77  
84  
58  
-96  
25  
58  
-57  
-1  
-90  
-64  
11  
21  
-6  
-56  
45  
82  
-45  
5  
-40  
-6  
13  
-8  
-28  
-36  
3  
-16  
-41  
29  
31  
14  
-73  
31  
33  
-22  
42  
79  
26  
56  
80  
90  
-37  
-32  
-26  
73  
44  
66  
24  
-23  
-85  
-91  
96  
0  
42  
51  
85  
47  
2  
54  
27  
-47  
66  
13  
-3  
-64  
75  
-30  
-8  
-2  
-5  
42  
63  
41  
-86  
-98  
-28  
-14  
-12  
-84  
-50  
-93  
99  
42  
0  
-94  
-21  
59  
56  
35  
84  
-93  
-73  
-2  
12  
-41  
77  
-96  
-69  
89  
63  
-87  
59  
29  
-82  
28  
63  
-68  
40  
-78  
40  
-67  
-29  
-70  
51  
-11  
38  
-51  
-57  
-32  
-75  
74  
-62  
80  
-85  
60  
-45  
10  
56  
-64  
19  
-4  
-74  
44  
-98  
88  
77  
-16  
-33  
27  
-37  
-15  
18  
-8  
91  
-26  
-62  
-74  
-43  
-67  
66  
20  
-8  
2  
-64  
98  
58  
57  
14  
13  
50  
34  
56  
-34  
80  
-86  
93  
-7  
16  
-5  
-60  
-36  
87  
96  
-71  
28  
-41  
7  
27  
-40  
23  
90  
-72  
-31  
23  
29  
5  
27  
-13  
15  
-5  
64  
52  
-2  
81  
14  
44  
18  
-46  
54  
-94  
-67  
47  
79  
-87  
76  
-82  
-45  
-82  
-14  
4  
32  
-33  
-2  
24  
-67  
-52  
83  
-100  
66  
71  
82  
-31  
60  
17  
-48  
42  
29  
-30  
-35  
-21  
38  
-4  
-82  
24  
-29  
55  
-77  
-94  
-38  
-48  
50  
-94  
-71  
-10  
-54  
-15  
-77  
-59  
-64  
-92  
30  
-41  
-42  
73  
50  
-51  
62  
-30  
-33  
13  
11  
-9  
-20  
31  
68  
-31  
85  
-60  
95  
59  
-28  
-97  
-31  
-27  
85  
29  
-93  
21  
-65  
-91  
64  
45  
-31  
85  
-25  
-91  
64  
-50  
11  
-64  
-81  
34  
-63  
-41  
53  
-99  
-65  
87  
0  
-91  
-4  
4  
-56  
-51  
-3  
60  
-60  
53  
-94  
95  
56  
-47  
-8  
-78  
-65  
23  
-96  
50  
60  
10  
-57  
47  
-16  
92  
39  
94  
-46  
75  
67  
48  
92  
76  
73  
83  
-53  
51  
80  
-94  
79  
-72  
-86  
-8  
-91  
-56  
60  
7  
80  
22  
-91  
-75  
13  
-33  
64  
12  
-73  
-42  
69  
-66  
-87  
43  
14  
-57  
-4  
12  
-56  
28  
-51  
-27  
54  
-22  
-91  
-21  
-91  
-40  
-48  
100  
38  
34  
16  
-40  
-99  
93  
-39  
-61  
-47  
72  
54  
81  
22  
-9  
-20  
-88  
20  
-26  
-30  
71  
77  
99  
36  
-8  
-64  
-3  
91  
-19  
91  
-18  
17  
99  
2  
-85  
-50  
-71  
7  
-43  
29  
90  
-67  
-69  
-20  
62  
29  
8  
88  
-21  
94  
-87  
22  
63  
75  
-85  
-47  
-95  
-19  
-38  
68  
32  
-23  
83  
-11  
81  
49  
49  
64  
-47  
-84  
58  
-81  
-63  
-17  
43  
46  
-93  
19  
-92  
98  
-65  
91  
-27  
47  
-58  
9  
46  
87  
-47  
-88  
-78  
10  
20  
-22  
4  
-24  
-33  
98  
7  
78  
99  
-81  
-11  
0  
77  
-26  
25  
14  
29  
-48  
99  
-75  
-24  
32  
33  
-76  
-12  
-84  
64  
-64  
-74  
0  
-79  
17  
-42  
-47  
-89  
-99  
73  
92  
79  
-6  
12  
28  
-26  
38  
59  
66  
76  
-33  
26  
-8  
-80  
-64  
-22  
21  
78  
59  
-79  
45  
-64  
63  
-66  
-79  
6  
-58  
71  
-71  
39  
68  
-27  
35  
-45  
-74  
-98  
-65  
31  
6  
-71  
-6  
-98  
58  
-62  
-10  
32  
-60  
86  
24  
33  
58  
64  
41  
98  
-45  
88  
-82  
-39  
-37  
-63  
9  
48  
-59  
28  
47  
8  
-58  
-73  
-61  
40  
93  
-45  
86  
-70  
-43  
-6  
-33  
14  
60  
70  
55  
-87  
-45  
-28  
51  
-88  
-50  
49  
66  
23  
91  
-98  
18  
-5  
-68  
-42  
19  
78  
20  
49  
-65  
-34  
-3  
11  
40  
-15  
56  
21  
-82  
28  
-91  
-48  
23  
-81  
-9  
-7  
-10  
-62  
45  
53  
-30  
33  
-60  
2  
55  
19  
11  
82  
-55  
56  
18  
-54  
-6  
-29  
49  
32  
-93  
90  
-97  
51  
-55  
71  
31  
83  
-14  
-98  
-18  
8  
78  
-76  
-21  
-35  
87  
-90  
71  
75  
-9  
61  
39  
-53  
-51  
-96  
89  
81  
80  
-1  
-44  
-90  
-43  
-64  
-83  
24  
-36  
34  
-56  
96  
99  
87  
-8  
48  
-84  
-82  
-34  
91  
-18  
64  
-4  
-27  
16  
-11  
85  
-81  
9  
-2  
-11  
-48  
53  
-86  
55  
-97  
88  
52  
4  
-98  
-7  
-54  
76  
-90  
-89  
-18  
-4  
-47  
-15  
-21  
-40  
-50  
-12  
67  
94  
69  
4  
-77  
64  
86  
-15  
-15  
79  
15  
98  
-4  
-89  
71  
28  
-21  
-79  
62  
45  
21  
88  
-71  
16  
-20  
39  
34  
-9  
-87  
4  
86  
-95  
-41  
38  
-73  
-70  
-69  
-57  
28  
95  
42  
-58  
-42  
-72  
-53  
-51  
84  
48  
-91  
59  
80  
-18  
83  
27  
48  
-25  
85  
4  
-21  
36  
-9  
-20  
53  
-16  
-33  
-41  
-84  
89  
-49  
-30  
7  
-48  
-96  
35  
40  
-19  
-41  
-58  
95  
-23  
-3  
9  
-18  
98  
-1  
-72  
25  
73  
-69  
91  
22  
-14  
61  
-84  
86  
-45  
-62  
-40  
2  
-66  
-99  
12  
61  
-17  
31  
55  
-67  
91  
-59  
4  
93  
18  
-2  
-74  
-75  
-42  
-34  
90  
-43  
-75  
52  
13  
9  
87  
69  
76  
-19  
-13  
-7  
-59  
-77  
31  
-14  
0  
76  
-51  
95  
-34  
57  
-74  
22  
-55  
-54  
-79  
-1  
55  
-14  
-21  
-33  
51  
71  
-97  
-39  
62  
88  
44  
-10  
46  
17  
40  
36  
87  
28  
-31  
69  
-58  
-23  
-98  
15  
47  
-91  
99  
-65  
-80  
-26  
24  
-34  
38  
-63  
54  
10  
94  
30  
-4  
11  
42  
-58  
-69  
61  
7  
-86  
-67  
8  
76  
15  
-1  
-36  
-53  
-48  
34  
-44  
15  
-24  
13  
69  
58  
-4  
-68  
44  
11  
-69  
68  
62  
-51  
99  
-100  
48  
-37  
15  
-71  
-19  
-46  
38  
35  
53  
31  
-7  
-8  
94  
61  
-5  
87  
35  
-8  
-69  
27  
40  
-48  
-68  
-82  
-62  
72  
36  
-65  
-89  
-99  
-65  
37  
-77  
24  
92  
-97  
-10  
-67  
66  
0  
28  
14  
18  
26  
-67  
80  
87  
-12  
-14  
-93  
13  
-98  
-16  
-86  
-58  
-13  
40  
84  
-33  
-17  
-18  
-38  
-24  
52  
92  
88  
-9  
44  
-44  
-87  
40  
29  
89  
-14  
-91  
22  
-87  
-74  
-36  
-35  
-83  
71  
24  
-64  
-60  
-78  
27  
62  
-35  
69  
-25  
20  
74  
-56  
9  
40  
-33  
12  
31  
76  
64  
-31  
46  
88  
-47  
84  
-83  
-63  
11  
-91  
25  
-97  
-54  
-66  
65  
-73  
81  
-58  
-26  
-59  
72  
-82  
54  
67  
-29  
-81  
53  
-67  
-63  
-51  
-65  
90  
46  
27  
-44  
71  
-69  
-17  
73  
-65  
3  
-56  
-30  
-4  
-15  
67  
47  
59  
60  
82  
18  
49  
-27  
-9  
41  
-26  
-29  
21  
88  
-84  
-36  
30  
25  
-84  
-54  
-74  
-4  
81  
0  
-17  
98  
-46  
9  
-26  
-64  
46  
-40  
60  
-32  
-16  
-78  
-2  
-55  
77  
87  
-76  
-80  
-37  
-5  
10  
58  
-69  
19  
-48  
-45  
42  
10  
52  
-59  
7  
-14  
69  
-2  
-57  
53  
40  
59  
14  
-60  
-86  
73  
65  
3  
-98  
-8  
59  
-38  
24  
-70  
39  
-82  
-42  
78  
-18  
84  
29  
78  
-5  
50  
41  
-30  
89  
63  
-59  
77  
-37  
-99  
-18  
-65  
-32  
-45  
-99  
-39  
66  
-91  
85  
87  
-66  
98  
-73  
11  
-31  
79  
-79  
-36  
-86  
60  
43  
-10  
-58  
-67  
7  
-84  
96  
-73  
-6  
-45  
-20  
-6  
41  
-59  
-67  
57  
96  
53  
34  
15  
6  
-95  
43  
-39  
23  
87  
-11  
44  
-52  
84  
85  
56  
57  
23  
29  
38  
-14  
-42  
-24  
40  
-30  
-95  
54  
19  
-50  
-19  
31  
90  
72  
-46  
99  
81  
38  
30  
-38  
41  
49  
-10  
36  
-61  
76  
-7  
-93  
-35  
21  
46  
-75  
5  
-8  
-37  
-66  
-83  
18  
-73  
-57  
56  
-39  
24  
70  
16  
6  
-45  
-56  
-61  
28  
-94  
33  
-76  
14  
79  
39  
-21  
25  
-90  
-42  
-21  
-99  
92  
26  
71  
-2  
37  
94  
2  
24  
41  
30  
48  
-19  
-24  
-75  
-26  
-32  
-44  
39  
23  
-72  
-33  
20  
27  
9  
-46  
91  
35  
-46  
79  
-32  
91  
2  
-71  
34  
78  
-58  
-70  
22  
-93  
-26  
-43  
49  
-93  
-87  
-21  
-63  
29  
-21  
-43  
85  
-96  
98  
18  
-53  
-73  
-71  
53  
69  
-52  
74  
18  
-47  
82  
55  
-79  
60  
82  
-17  
-45  
58  
88  
-35  
34  
93  
-19  
-28  
-50  
-72  
-82  
45  
-23  
-84  
39  
-45  
-91  
-49  
-72  
-6  
55  
68  
37  
-56  
37  
-72  
52  
-13  
-32  
46  
28  
-95  
-95  
96  
15  
82  
85  
-5  
-81  
-85  
-98  
88  
-6  
62  
-16  
79  
23  
24  
-21  
-7  
65  
-99  
-61  
-73  
-31  
-69  
50  
80  
65  
72  
61  
61  
-68  
-93  
97  
-46  
91  
-89  
-12  
-10  
13  
-66  
-25  
58  
-5  
-43  
-36  
99  
-50  
48  
80  
-72  
-29  
32  
78  
74  
-5  
28  
15  
21  
-15  
-94  
-21  
23  
30  
-2  
32  
-19  
-92  
-15  
-10  
-98  
64  
-73  
46  
19  
-67  
19  
80  
15  
-23  
3  
-25  
-89  
13  
-64  
-89  
-95  
-30  
47  
-87  
-54  
35  
-80  
87  
-58  
-36  
77  
41  
61  
-75  
71  
-1  
37  
2  
-14  
97  
-82  
85  
-26  
-54  
51  
-32  
64  
-66  
-72  
80  
54  
-13  
39  
4  
6  
-37  
21  
-10  
80  
-91  
49  
-42  
-42  
-4  
84  
-85  
-64  
-18  
14  
15  
95  
18  
-6  
14  
-63  
54  
-54  
-65  
33  
42  
-89  
82  
-96  
69  
5  
76  
43  
86  
0  
61  
-73  
-9  
84  
52  
-86  
-45  
10  
-62  
-56  
91  
-72  
17  
60  
16  
-14  
49  
-37  
89  
-44  
-75  
-100  
22  
-69  
4  
-88  
67  
-18  
73  
39  
65  
42  
17  
87  
-34  
-81  
96  
-22  
66  
-24  
20  
40  
-94  
26  
-65  
94  
50  
78  
-22  
7  
26  
30  
-66  
-18  
-78  
86  
-18  
52  
-12  
56  
29  
70  
64  
37  
-31  
-34  
43  
-57  
75  
47  
38  
6  
67  
24  
-11  
-26  
-9  
63  
17  
-38  
-17  
-98  
22  
67  
-74  
8  
-37  
-57  
7  
-54  
-6  
81  
-91  
-50  
-33  
79  
62  
-5  
-78  
22  
8  
38  
0  
-84  
-23  
87  
-91  
12  
89  
-35  
39  
-37  
32  
-82  
-47  
71  
98  
-33  
29  
78  
-18  
12  
55  
-98  
47  
-62  
9  
-25  
-6  
64  
25  
-39  
9  
63  
40  
-86  
-100  
30  
-28  
31  
25  
-36  
29  
44  
66  
8  
-62  
-16  
-78  
11  
-85  
97  
-94  
-10  
96  
-72  
-60  
-96  
-87  
-70  
-89  
29  
86  
-61  
-74  
76  
-86  
27  
56  
96  
36  
-59  
82  
-89  
42  
7  
-98  
-5  
31  
1  
88  
-35  
-83  
-22  
14  
-98  
-30  
48  
-7  
45  
88  
-93  
84  
53  
83  
50  
7  
94  
-17  
-95  
4  
-95  
84  
-85  
77  
-53  
-28  
86  
37  
-83  
-14  
-26  
-63  
48  
99  
-73  
-16  
99  
17  
-27  
0  
-90  
-11  
-72  
-79  
17  
-54  
39  
34  
29  
10  
40  
-73  
-80  
-57  
74  
-3  
-13  
-18  
8  
40  
3  
67  
79  
72  
14  
84  
13  
17  
10  
53  
-47  
-58  
90  
-83  
80  
-89  
93  
-5  
98  
27  
-46  
62  
21  
52  
20  
83  
66  
-31  
19  
90  
15  
79  
73  
19  
59  
-42  
-4  
95  
20  
79  
-33  
-98  
-63  
-19  
-78  
60  
-1  
-67  
72  
-26  
-75  
-9  
12  
98  
21  
-29  
-68  
13  
-26  
59  
21  
85  
18  
-84  
-62  
-2  
45  
99  
49  
44  
-80  
28  
-81  
-44  
61  
66  
-32  
-42  
-21  
94  
-99  
-11  
73  
-13  
-76  
48  
62  
-78  
-25  
49  
-56  
-3  
-19  
-14  
-14  
80  
73  
36  
-17  
-90  
-65  
73  
-63  
-24  
73  
-81  
92  
-9  
-98  
-70  
-22  
83  
71  
52  
31  
-8  
-39  
-73  
69  
9  
67  
98  
34  
-12  
69  
-34  
34  
94  
-46  
-65  
-71  
78  
45  
80  
55  
18  
19  
7  
-51  
10  
-24  
52  
-71  
-75  
88  
-13  
81  
70  
-58  
-65  
-45  
-95  
25  
-40  
-84  
-61  
78  
75  
77  
-50  
88  
-62  
49  
-14  
84  
51  
-88  
86  
-27  
-52  
-26  
-78  
-38  
-79  
86  
-6  
-98  
-78  
-25  
-99  
-97  
-91  
68  
21  
-16  
-84  
-37  
-77  
9  
41  
-16  
24  
71  
3  
-70  
94  
19  
-37  
-12  
20  
-12  
-52  
49  
-7  
-46  
-94  
-42  
29  
48  
-80  
87  
-71  
-46  
14  
32  
-2  
-45  
-92  
-71  
21  
28  
19  
-6  
-1  
8  
100  
0  
-69  
71  
86  
60  
-10  
-88  
56  
75  
-77  
-71  
-51  
-64  
-2  
-95  
11  
-28  
81  
-71  
94  
-14  
8  
-58  
-93  
-88  
9  
-2  
80  
-9  
80  
91  
21  
68  
-31  
-88  
-16  
-14  
-77  
-9  
87  
-33  
93  
-68  
-82  
-86  
28  
-21  
10  
67  
83  
-37  
90  
-12  
-26  
-82  
-70  
-7  
17  
-67  
73  
80  
-95  
-52  
53  
67  
16  
-9  
5  
35  
15  
100  
-55  
-50  
50  
74  
8  
6  
-11  
79  
-31  
-24  
76  
77  
-25  
-28  
87  
82  
76  
-52  
-83  
66  
11  
80  
-80  
94  
-26  
-12  
21  
-49  
15  
-48  
18  
-62  
-57  
14  
-80  
-61  
47  
-8  
-20  
-53  
-96  
30  
-98  
71  
13  
8  
-36  
-97  
37  
24  
-30  
22  
58  
37  
49  
38  
-47  
95  
42  
29  
-26  
-91  
-19  
-36  
-96  
57  
-6  
83  
-12  
87  
-75  
-73  
-25  
73  
-87  
92  
43  
43  
-59  
14  
-53  
-15  
-25  
61  
-31  
-47  
-1  
45  
60  
48  
81  
59  
-91  
85  
67  
-39  
82  
-89  
3  
91  
48  
39  
-94  
-80  
-62  
-43  
90  
-11  
-50  
-11  
79  
30  
-29  
-97  
52  
-28  
20  
-11  
-18  
35  
19  
1  
93  
-67  
38  
29  
-50  
-90  
33  
49  
53  
19  
29  
-3  
-23  
54  
33  
96  
-20  
-79  
-37  
23  
54  
8  
32  
24  
62  
94  
77  
38  
26  
-70  
47  
-84  
-38  
96  
-38  
40  
41  
-35  
-47  
63  
94  
14  
-61  
0  
-97  
-54  
75  
-86  
6  
96  
-73  
-47  
-11  
74  
-38  
-67  
-21  
-43  
26  
-11  
-19  
-76  
92  
-65  
-93  
-41  
-70  
81  
-9  
-58  
23  
29  
69  
-44  
-78  
67  
4  
-25  
25  
-4  
-37  
-40  
-16  
-28  
11  
69  
-65  
72  
35  
-62  
-27  
73  
83  
23  
-15  
-94  
-93  
45  
21  
64  
88  
74  
-33  
66  
-40  
58  
85  
4  
60  
-65  
1  
-61  
13  
-45  
-27  
-37  
-25  
-56  
-49  
-20  
76  
79  
-2  
47  
75  
-55  
-21  
36  
48  
-19  
21  
7  
-36  
-97  
48  
51  
60  
-17  
92  
60  
79  
4  
-100  
68  
-51  
-68  
-33  
93  
-97  
-46  
79  
-35  
78  
78  
95  
62  
-91  
-95  
-98  
-77  
-97  
-29  
-80  
-95  
-78  
-41  
-17  
-81  
85  
-16  
63  
51  
63  
-9  
1  
-77  
54  
-75  
41  
-24  
-91  
-42  
35  
-48  
54  
-68  
-6  
-90  
-48  
-61  
-43  
-20  
24  
-46  
51  
-63  
35  
-40  
94  
-6  
53  
60  
-38  
43  
-62  
74  
61  
-4  
-25  
-86  
24  
58  
-70  
49  
54  
93  
-59  
30  
-97  
10  
52  
80  
-74  
41  
-3  
31  
72  
5  
91  
-58  
82  
74  
-90  
-26  
-77  
69  
92  
-100  
97  
11  
11  
-84  
10  
-45  
69  
-83  
-71  
38  
-7  
-24  
-71  
34  
-43  
-18  
21  
91  
-1  
-73  
-32  
-69  
40  
-57  
-31  
2  
-48  
-10  
-54  
17  
92  
-27  
44  
-79  
-13  
-34  
41  
7  
2  
92  
-20  
11  
5  
-26  
63  
57  
95  
9  
24  
29  
94  
-38  
5  
-5  
-63  
10  
-76  
-64  
7  
86  
49  
92  
-61  
79  
90  
-68  
-95  
-21  
46  
27  
52  
-83  
-48  
79  
7  
-5  
22  
70  
-97  
-89  
56  
93  
-9  
-39  
-3  
-53  
-60  
-79  
35  
10  
-69  
-14  
36  
-59  
-74  
11  
39  
-65  
-94  
37  
-40  
91  
9  
71  
31  
-7  
75  
48  
-4  
76  
86  
24  
66  
-61  
57  
20  
82  
8  
1  
-80  
58  
40  
7  
18  
-15  
0  
63  
65  
-60  
-75  
41  
-75  
-4  
28  
38  
26  
6  
39  
75  
9  
34  
18  
81  
84  
-52  
95  
69  
-16  
-73  
21  
95  
24  
-46  
32  
-43  
-35  
-23  
82  
-59  
-52  
96  
19  
18  
-45  
-37  
-70  
61  
75  
13  
75  
27  
-21  
-79  
79  
-68  
50  
-10  
-22  
-62  
-70  
-24  
-36  
39  
60  
-6  
97  
-48  
-62  
16  
68  
-61  
45  
32  
-53  
66  
-47  
-12  
25  
95  
-84  
-74  
-88  
-67  
-9  
-61  
-55  
84  
-24  
12  
30  
-89  
-100  
54  
-91  
45  
17  
5  
-11  
84  
-21  
32  
-7  
44  
-28  
-50  
89  
50  
-82  
-70  
6  
-58  
-22  
76  
-34  
-21  
15  
-84  
-48  
33  
-35  
-37  
-56  
-69  
12  
15  
29  
62  
-35  
-95  
42  
12  
-22  
69  
-83  
19  
34  
84  
99  
82  
3  
44  
92  
-40  
-22  
-80  
-78  
-58  
-85  
15  
86  
-75  
-97  
30  
-65  
-83  
-14  
62  
-77  
-33  
18  
23  
-54  
-26  
39  
58  
-53  
-62  
-26  
-59  
97  
100  
-7  
-82  
63  
-35  
-62  
-71  
56  
-82  
-92  
-35  
5  
56  
87  
13  
-83  
30  
71  
-57  
-62  
-1  
88  
33  
52  
-83  
76  
-64  
-14  
-49  
-32  
-59  
62  
-29  
-71  
100  
36  
30  
-88  
50  
61  
2  
-93  
74  
96  
-5  
-34  
3  
91  
-65  
60  
-93  
-65  
-92  
17  
-66  
-71  
-63  
-41  
-14  
90  
79  
-30  
53  
9  
-32  
35  
10  
52  
-25  
-33  
-37  
49  
34  
57  
-46  
-35  
-78  
-86  
46  
-85  
-32  
3  
-74  
95  
12  
16  
30  
-15  
-89  
16  
-85  
39  
-9  
26  
-64  
6  
-32  
36  
-18  
0  
-37  
-81  
-1  
-1  
1  
-75  
67  
46  
-19  
46  
-85  
-98  
24  
89  
-45  
7  
49  
66  
-86  
0  
-70  
-20  
-53  
-14  
-24  
-78  
-29  
62  
-19  
-75  
2  
-86  
-59  
-19  
-64  
-24  
76  
-94  
-94  
1  
-30  
-13  
37  
70  
-26  
66  
90  
-72  
73  
91  
59  
63  
-69  
14  
29  
-17  
-58  
17  
-62  
80  
89  
14  
-88  
66  
-62  
69  
91  
26  
45  
-4  
-38  
-62  
-9  
84  
52  
-16  
-70  
-26  
-62  
51  
-82  
13  
75  
43  
-21  
70  
97  
-1  
-61  
-28  
75  
90  
-20  
-30  
-28  
-82  
21  
57  
-6  
74  
33  
27  
49  
29  
-53  
88  
-55  
-83  
-40  
16  
-70  
71  
17  
-71  
95  
1  
-76  
12  
94  
-59  
-86  
-40  
33  
-24  
30  
-52  
33  
35  
-10  
21  
21  
32  
83  
73  
96  
97  
-17  
9  
-69  
-92  
70  
29  
100  
5  
-17  
58  
-88  
-59  
72  
19  
25  
9  
-78  
-92  
-90  
55  
-3  
-4  
64  
77  
-83  
37  
89  
91  
0  
65  
54  
92  
92  
-66  
-57  
96  
34  
-32  
43  
-28  
51  
-50  
44  
85  
38  
17  
-94  
-18  
3  
40  
-24  
-6  
25  
-50  
14  
5  
-84  
-39  
-18  
-18  
-79  
57  
76  
-13  
-76  
42  
41  
-70  
-14  
26  
-80  
-6  
-91  
-10  
-24  
5  
54  
-26  
93  
-53  
59  
13  
39  
91  
-71  
70  
-81  
32  
-87  
-61  
-48  
-96  
-29  
-82  
-100  
-13  
50  
-77  
-47  
14  
-22  
-33  
78  
83  
-15  
45  
-22  
11  
-48  
-64  
87  
79  
41  
-98  
-43  
-79  
48  
44  
-47  
70  
62  
-64  
-4  
-5  
-39  
-52  
31  
81  
27  
63  
-65  
-66  
32  
-63  
13  
-71  
-30  
-73  
-14  
-44  
72  
32  
0  
-59  
37  
29  
-45  
23  
-31  
-97  
16  
95  
-65  
-26  
66  
90  
-56  
-40  
-92  
17  
82  
-1  
64  
10  
26  
70  
47  
-94  
78  
5  
98  
99  
-62  
94  
21  
-28  
10  
40  
-8  
-63  
24  
-71  
-7  
77  
-76  
-5  
56  
9  
-28  
-59  
-6  
86  
-30  
-28  
24  
16  
92  
94  
-75  
47  
39  
4  
20  
68  
61  
-70  
76  
87  
39  
-99  
85  
-86  
89  
-7  
-59  
-90  
65  
-28  
-13  
10  
-23  
-76  
-98  
61  
65  
-23  
-48  
69  
-55  
43  
-83  
63  
23  
0  
-18  
76  
76  
81  
98  
-48  
-66  
96  
15  
80  
18  
-82  
72  
45  
-77  
-35  
-26  
2  
-42  
-41  
17  
7  
-97  
-60  
-27  
39  
40  
-32  
-58  
-33  
-8  
-20  
-12  
-12  
-98  
86  
-80  
-77  
-21  
51  
-25  
48  
-32  
-15  
-61  
-38  
-93  
-25  
-95  
13  
99  
-94  
-83  
-23  
-63  
19  
92  
81  
-50  
77  
61  
42  
-62  
59  
51  
82  
-58  
-8  
-57  
-91  
-25  
37  
31  
-87  
80  
64  
-53  
43  
-92  
-64  
60  
-33  
-57  
14  
-67  
-91  
13  
-16  
-16  
55  
-28  
-22  
-85  
-94  
-36  
-82  
6  
-27  
77  
-38  
-30  
-44  
-21  
-24  
50  
-82  
21  
-18  
94  
-89  
-80  
-13  
59  
37  
-48  
2  
-95  
24  
80  
2  
-33  
-77  
-47  
82  
-27  
-47  
83  
-93  
-25  
6  
-52  
-52  
25  
46  
13  
-4  
-60  
45  
-65  
-10  
38  
-70  
19  
-19  
63  
87  
-82  
53  
3  
5  
73  
40  
-5  
-23  
-24  
-7  
-55  
77  
41  
50  
14  
16  
10  
78  
-30  
-72  
46  
59  
-82  
61  
-32  
-15  
46  
-3  
88  
70  
-85  
22  
16  
-44  
96  
-99  
-63  
61  
-76  
-80  
-65  
-32  
-55  
31  
-90  
96  
31  
3  
-79  
54  
3  
-33  
-10  
-48  
-81  
31  
92  
37  
-54  
-97  
63  
-78  
20  
33  
31  
43  
51  
-74  
-81  
-95  
-13  
70  
70  
-53  
-23  
-90  
-92  
-69  
50  
-30  
77  
28  
96  
-77  
-88  
50  
-33  
-76  
-88  
-59  
-5  
60  
40  
-6  
5  
-30  
-1  
62  
-64  
-79  
-58  
-21  
-7  
39  
-73  
-22  
-59  
-70  
95  
-44  
50  
-88  
61  
-92  
96  
-27  
5  
80  
71  
-70  
-56  
60  
-48  
-40  
-29  
-99  
58  
22  
17  
76  
-89  
77  
45  
95  
45  
-71  
-93  
-53  
-1  
-73  
-78  
65  
22  
5  
-42  
46  
99  
-100  
-28  
49  
-4  
29  
-81  
-23  
-89  
-13  
-17  
16  
66  
-59  
88  
93  
-68  
-62  
-27  
-29  
83  
90  
61  
-79  
-9  
-39  
99  
10  
77  
-67  
88  
69  
9  
35  
-70  
-44  
-11  
62  
51  
25  
-76  
-42  
-71  
-31  
-82  
-74  
-22  
-98  
-23  
-41  
-7  
-97  
33  
83  
-91  
-85  
89  
15  
-32  
76  
-83  
76  
-86  
92  
-34  
32  
94  
-21  
8  
-98  
-18  
50  
45  
-50  
-74  
-3  
95  
32  
-57  
82  
68  
-13  
-45  
-60  
43  
76  
-22  
-94  
29  
26  
-93  
95  
-70  
-93  
-91  
-64  
-70  
55  
37  
-53  
-61  
-93  
15  
-71  
56  
-51  
59  
-77  
-70  
-20  
46  
39  
-41  
-67  
51  
-8  
45  
95  
11  
83  
-75  
-5  
-20  
-87  
36  
-77  
38  
-57  
-42  
-29  
-86  
70  
-39  
63  
-14  
-14  
-75  
42  
4  
-36  
57  
29  
5  
1  
74  
-9  
96  
36  
-17  
73  
-85  
78  
-95  
66  
80  
-91  
-27  
-70  
2  
-53  
-39  
-64  
69  
58  
39  
16  
28  
-24  
98  
8  
47  
53  
58  
81  
-21  
-94  
97  
-26  
-20  
87  
37  
-77  
21  
-87  
-18  
-97  
36  
-89  
-77  
-94  
49  
-77  
-88  
-99  
81  
-33  
-74  
-53  
-92  
85  
-37  
-44  
55  
67  
54  
-61  
-88  
-56  
-14  
-28  
64  
49  
-34  
33  
-1  
2  
20  
91  
-15  
-49  
-85  
-2  
94  
30  
-22  
76  
-88  
-83  
88  
-9  
69  
-1  
68  
99  
79  
-73  
-34  
-58  
-57  
65  
25  
88  
69  
-41  
36  
87  
12  
-29  
-71  
66  
78  
-12  
34  
48  
-68  
89  
-85  
33  
43  
34  
9  
8  
-55  
-27  
-15  
-98  
24  
20  
-46  
79  
-84  
-9  
81  
73  
99  
65  
0  
-67  
89  
-71  
-4  
19  
0  
12  
33  
11  
-40  
-88  
-3  
32  
12  
79  
84  
-58  
64  
-47  
82  
63  
-35  
-94  
89  
-9  
-45  
-46  
90  
100  
41  
-35  
76  
46  
53  
40  
1  
96  
-10  
80  
8  
94  
-80  
23  
74  
17  
15  
-2  
72  
92  
-53  
43  
97  
-62  
48  
27  
72  
-51  
28  
-76  
-23  
-7  
-87  
84  
-17  
-13  
-39  
2  
-13  
-55  
-86  
60  
72  
33  
65  
-89  
-52  
13  
-21  
-52  
-72  
-17  
0  
-79  
51  
-40  
83  
-68  
-3  
88  
-14  
45  
-71  
54  
31  
38  
3  
-75  
-92  
61  
83  
58  
1  
-75  
-24  
22  
98  
-26  
58  
17  
-76  
40  
-57  
60  
58  
12  
0  
22  
73  
97  
-63  
-57  
94  
6  
-36  
49  
97  
-29  
37  
50  
-11  
82  
13  
-70  
55  
63  
35  
44  
72  
21  
-13  
-95  
45  
-47  
16  
-43  
-84  
-98  
6  
78  
-1  
67  
94  
-57  
-13  
-44  
0  
-59  
-68  
-27  
73  
-53  
-39  
-33  
-81  
-54  
-62  
-80  
11  
-23  
-35  
86  
-36  
-39  
-91  
64  
21  
7  
44  
39  
-57  
87  
-39  
-53  
-54  
-92  
46  
-41  
41  
-91  
-37  
18  
-61  
68  
-98  
-23  
18  
-75  
-54  
-70  
13  
51  
-63  
80  
-71  
49  
-18  
33  
-58  
52  
43  
41  
30  
-74  
17  
14  
-3  
48  
59  
95  
58  
-35  
-5  
5  
62  
71  
24  
10  
-22  
-90  
-9  
0  
5  
-9  
-17  
-60  
-52  
-92  
92  
34  
-52  
-37  
39  
36  
-78  
35  
-20  
-53  
-18  
21  
80  
-88  
-64  
-92  
-39  
60  
68  
80  
46  
52  
-77  
-42  
80  
-49  
36  
-41  
-29  
-64  
-21  
11  
19  
21  
-2  
-9  
76  
3  
13  
85  
-49  
-63  
74  
99  
10  
76  
-56  
-37  
72  
-73  
-68  
94  
-89  
61  
79  
83  
9  
22  
32  
32  
1  
-40  
21  
64  
24  
6  
0  
-83  
63  
25  
36  
24  
9  
49  
63  
-98  
46  
75  
-33  
61  
88  
85  
-86  
-100  
10  
39  
36  
61  
-84  
-39  
56  
-59  
72  
30  
97  
20  
3  
44  
-86  
68  
52  
95  
92  
12  
33  
-45  
86  
-64  
-38  
-100  
-51  
23  
-5  
-61  
-50  
13  
6  
-97  
-64  
-6  
62  
-96  
-6  
-80  
57  
-35  
-31  
-60  
-88  
-80  
-35  
41  
28  
92  
21  
-38  
41  
-26  
82  
6  
98  
-98  
-80  
54  
46  
-1  
-97  
-61  
71  
68  
-41  
-33  
-88  
-8  
31  
45  
95  
84  
60  
-78  
3  
56  
-61  
-69  
-88  
-2  
-68  
-62  
-39  
-3  
25  
-61  
-14  
68  
45  
99  
-59  
9  
-5  
95  
-41  
-53  
63  
77  
67  
-67  
-27  
99  
-94  
93  
58  
-46  
-23  
-68  
-29  
31  
49  
-95  
-28  
-25  
-53  
58  
73  
46  
-63  
5  
43  
32  
-79  
-22  
-52  
3  
-2  
-64  
98  
84  
80  
-86  
68  
-35  
7  
-99  
-24  
39  
-96  
-2  
-37  
94  
-11  
-30  
24  
-67  
30  
23  
-95  
-22  
-43  
-35  
-49  
81  
-46  
46  
74  
-49  
-15  
-96  
25  
-68  
62  
24  
42  
61  
-8  
15  
43  
-22  
-42  
60  
2  
54  
29  
-35  
-9  
27  
-7  
-41  
-90  
61  
-61  
-33  
-26  
33  
-7  
-29  
-56  
54  
8  
99  
-96  
89  
-60  
-21  
53  
48  
22  
-30  
-47  
99  
-100  
29  
33  
-6  
13  
31  
25  
35  
94  
-79  
-7  
-26  
12  
-4  
-74  
-29  
20  
-5  
45  
53  
-38  
-62  
-33  
-20  
-81  
-84  
-74  
71  
50  
63  
-32  
-69  
15  
77  
-19  
27  
21  
62  
-23  
23  
-41  
41  
-55  
9  
78  
-11  
97  
-24  
40  
-80  
-10  
-83  
-55  
-78  
-91  
-26  
-93  
-23  
70  
14  
-67  
-67  
55  
-94  
-5  
-87  
8  
-90  
27  
-74  
31  
78  
-88  
-60  
-76  
14  
67  
13  
100  
-8  
12  
-12  
46  
-11  
-20  
-38  
-57  
82  
46  
83  
-38  
23  
29  
-90  
67  
4  
38  
48  
14  
-85  
50  
51  
-15  
55  
4  
-90  
47  
26  
73  
-77  
-54  
-81  
-54  
48  
61  
-23  
-48  
-73  
93  
67  
-73  
12  
-18  
2  
29  
97  
72  
31  
-65  
89  
47  
24  
-27  
-86  
64  
-12  
74  
72  
-5  
-34  
85  
46  
17  
81  
95  
-84  
29  
71  
-48  
-40  
-82  
-5  
-48  
-76  
92  
-77  
4  
7  
42  
-73  
25  
98  
86  
-53  
-22  
24  
53  
32  
-16  
57  
-42  
10  
26  
6  
61  
-54  
-46  
20  
-35  
46  
-78  
-24  
-94  
94  
23  
15  
-32  
-21  
-93  
-6  
-28  
33  
-44  
26  
20  
90  
38  
67  
44  
-53  
-41  
-15  
-78  
69  
-5  
5  
20  
78  
-26  
-68  
45  
-73  
-13  
6  
-90  
-4  
73  
46  
43  
-5  
34  
-36  
85  
-15  
91  
-96  
-36  
21  
95  
-64  
20  
-51  
-53  
70  
-8  
-75  
12  
32  
-52  
-23  
83  
-15  
-99  
59  
-49  
5  
43  
-98  
91  
95  
-61  
67  
99  
-71  
57  
-68  
-46  
-29  
-14  
88  
75  
71  
35  
65  
-14  
-39  
-65  
-64  
63  
-38  
-77  
89  
89  
75  
-7  
-90  
65  
12  
-48  
5  
-29  
70  
-82  
78  
-28  
48  
-54  
49  
-89  
-71  
81  
-99  
51  
1  
-78  
-42  
21  
-14  
34  
32  
98  
-37  
43  
-18  
-82  
31  
-90  
55  
6  
47  
-63  
-27  
-69  
70  
-85  
59  
23  
63  
20  
60  
-12  
-67  
-96  
88  
80  
-92  
72  
-43  
39  
-40  
89  
82  
74  
-35  
-27  
13  
-39  
-75  
-15  
-71  
26  
-36  
-25  
-90  
91  
-10  
-22  
76  
-69  
-53  
53  
59  
-91  
9  
14  
14  
71  
-84  
-31  
-84  
-16  
-76  
-19  
22  
47  
-14  
1  
-4  
-31  
1  
-88  
-84  
-25  
-92  
44  
-83  
-8  
-8  
93  
-67  
-79  
90  
-93  
-33  
69  
0  
11  
80  
42  
-81  
14  
-58  
51  
11  
0  
-94  
42  
24  
-88  
-54  
-42  
46  
-88  
-80  
33  
2  
-27  
21  
-20  
-93  
-77  
37  
-75  
85  
86  
-86  
71  
11  
20  
6  
28  
-31  
-43  
92  
-62  
-52  
-74  
22  
-47  
7  
24  
99  
-80  
77  
10  
-78  
95  
83  
38  
94  
27  
-23  
67  
80  
-93  
30  
72  
41  
-23  
-42  
-26  
15  
-25  
8  
45  
54  
-12  
-66  
-7  
8  
-96  
-94  
-23  
-57  
-36  
-50  
-97  
-22  
-33  
-26  
-55  
84  
-32  
-51  
8  
12  
32  
-91  
63  
-11  
15  
-30  
-35  
29  
22  
-8  
44  
76  
-64  
-34  
-13  
-80  
64  
-4  
-77  
16  
-18  
-39  
-54  
94  
78  
-43  
20  
14  
54  
-37  
91  
52  
47  
-33  
69  
51  
47  
-54  
26  
-11  
5  
8  
-80  
21  
-81  
17  
89  
76  
29  
-71  
-40  
2  
-50  
5  
-67  
40  
-10  
-53  
-54  
-31  
17  
12  
-11  
-60  
78  
22  
-37  
-10  
39  
-93  
-79  
-65  
61  
-16  
50  
-34  
79  
74  
26  
-79  
-18  
-83  
-88  
-59  
61  
75  
19  
49  
-55  
-15  
-79  
-14  
97  
23  
11  
86  
93  
5  
64  
-53  
-97  
-8  
-42  
72  
67  
39  
41  
33  
12  
-8  
-35  
-15  
-17  
-30  
27  
34  
99  
39  
30  
30  
-80  
-12  
-50  
-71  
-87  
58  
41  
-2  
-92  
-29  
30  
16  
-67  
73  
-91  
9  
-29  
-59  
-88  
51  
-39  
-58  
-85  
83  
42  
24  
10  
-25  
-21  
68  
-59  
95  
-59  
84  
-43  
39  
-69  
-36  
-74  
-17  
45  
83  
-90  
60  
80  
8  
-49  
54  
67  
25  
60  
-36  
96  
-91  
-25  
-31  
-76  
25  
-69  
26  
8  
-8  
-53  
13  
21  
14  
11  
11  
-3  
-82  
-93  
61  
-52  
-19  
-22  
91  
84  
-20  
-26  
-81  
60  
-99  
-28  
14  
-64  
78  
16  
94  
100  
-28  
-58  
98  
-96  
22  
42  
92  
-52  
-72  
10  
56  
83  
88  
-32  
-88  
66  
-33  
-80  
57  
59  
-25  
-99  
-1  
24  
-26  
42  
56  
7  
49  
-62  
-95  
-81  
-63  
-89  
95  
-57  
9  
-44  
90  
12  
91  
-72  
40  
-84  
-4  
-78  
-18  
38  
85  
-66  
59  
61  
-59  
100  
-35  
-24  
14  
-100  
89  
50  
-12  
94  
53  
24  
-80  
88  
0  
20  
96  
37  
10  
-70  
-11  
-47  
-48  
-22  
55  
80  
1  
-27  
57  
-59  
-90  
44  
-8  
-98  
-97  
22  
70  
43  
-26  
89  
-67  
-31  
-56  
34  
-91  
-90  
-96  
-7  
81  
90  
-66  
-39  
-67  
25  
27  
55  
-94  
-85  
-41  
-54  
39  
-14  
-90  
76  
33  
-58  
-80  
-38  
-73  
85  
-25  
0  
56  
38  
92  
38  
95  
-43  
-86  
-24  
17  
56  
64  
-65  
99  
74  
78  
93  
-6  
-55  
-27  
43  
52  
3  
30  
71  
-47  
31  
-94  
23  
70  
51  
-7  
53  
92  
-6  
-98  
33  
55  
36  
90  
-45  
15  
91  
-55  
-53  
-34  
-92  
-4  
-79  
-93  
55  
-66  
81  
-18  
13  
92  
35  
-32  
-34  
7  
5  
-23  
-20  
10  
38  
-67  
-59  
-24  
-35  
-24  
1  
91  
-39  
-56  
83  
-40  
-86  
-92  
-75  
-77  
-10  
-87  
30  
-58  
-21  
39  
32  
-81  
-55  
-9  
-5  
-96  
-81  
37  
-51  
-90  
-31  
-87  
64  
95  
9  
-17  
-15  
13  
-23  
-82  
47  
-97  
-45  
-23  
-22  
60  
-89  
-80  
-37  
75  
-88  
60  
-13  
45  
75  
-36  
-7  
-56  
-93  
39  
3  
-50  
94  
7  
15  
-78  
66  
-73  
-63  
-28  
89  
-30  
41  
-68  
33  
78  
35  
-3  
63  
-35  
-29  
-56  
25  
-13  
4  
95  
-48  
-69  
-92  
-95  
-89  
95  
61  
66  
-90  
49  
-75  
-61  
0  
45  
-20  
-26  
-48  
-20  
-99  
-76  
-14  
97  
-62  
-68  
-28  
-99  
34  
93  
93  
-57  
15  
64  
78  
61  
-82  
-91  
28  
21  
-89  
60  
56  
-80  
7  
10  
-32  
73  
-70  
3  
-60  
-41  
59  
33  
-23  
-73  
6  
-64  
-45  
-83  
-84  
-94  
-28  
-91  
99  
7  
-70  
75  
-16  
-14  
-48  
-38  
-81  
-16  
-74  
20  
90  
33  
13  
74  
20  
-88  
62  
-57  
-41  
-44  
-37  
-68  
55  
49  
-22  
-55  
31  
17  
37  
49  
-14  
25  
-66  
84  
54  
95  
-86  
92  
-54  
-60  
-20  
-97  
15  
-20  
68  
-20  
86  
-63  
66  
96  
47  
16  
-3  
-35  
8  
-74  
100  
-4  
-52  
-57  
65  
-24  
86  
81  
62  
17  
-63  
26  
-42  
-77  
79  
-95  
99  
-30  
0  
98  
53  
-13  
-76  
-60  
19  
31  
-82  
40  
-29  
-13  
38  
-61  
-62  
28  
92  
65  
-96  
-83  
61  
-65  
93  
-42  
9  
57  
-15  
36  
7  
-51  
-39  
-61  
7  
-5  
-53  
-13  
49  
21  
46  
2  
49  
-89  
-32  
-20  
1  
-89  
84  
66  
13  
67  
-11  
53  
61  
68  
-17  
-13  
88  
-82  
53  
61  
-93  
-19  
87  
8  
-28  
-54  
-30  
49  
22  
45  
-28  
-35  
-65  
34  
74  
-16  
67  
1  
-35  
47  
-82  
-58  
76  
46  
14  
-19  
18  
-98  
-52  
-54  
3  
52  
-85  
-36  
-55  
4  
1  
-72  
-79  
-1  
67  
-46  
89  
-18  
-71  
-48  
-5  
0  
57  
29  
-31  
82  
55  
-22  
-51  
71  
32  
51  
1  
90  
-8  
19  
-66  
-35  
7  
-41  
80  
35  
66  
-93  
-83  
-94  
41  
88  
-96  
17  
72  
72  
77  
15  
-64  
45  
-20  
-80  
-1  
-18  
-34  
84  
-95  
24  
100  
48  
86  
-13  
17  
-5  
-44  
99  
-85  
-67  
-38  
12  
93  
60  
-42  
-65  
-45  
22  
50  
-27  
-99  
-90  
-30  
13  
75  
8  
71  
59  
54  
50  
-28  
-33  
42  
-79  
77  
54  
18  
-28  
57  
-26  
29  
-48  
-49  
33  
30  
48  
-18  
-18  
83  
-9  
41  
-52  
-92  
58  
-28  
35  
57  
-32  
-66  
22  
-40  
-42  
25  
-9  
69  
-57  
-14  
96  
-84  
-84  
-46  
-23  
36  
-88  
68  
47  
5  
-30  
-47  
-5  
95  
18  
17  
-97  
44  
-44  
-2  
-11  
-46  
73  
77  
-15  
-80  
-56  
95  
-78  
4  
-52  
-73  
47  
34  
-5  
81  
26  
23  
87  
87  
-98  
-60  
67  
79  
-21  
93  
61  
24  
4  
56  
-83  
-25  
-84  
-57  
4  
77  
-47  
44  
-31  
65  
34  
-9  
-75  
24  
67  
-96  
-81  
-34  
96  
-37  
-28  
-3  
55  
-56  
-2  
-73  
87  
70  
34  
4  
-19  
-23  
51  
-45  
28  
59  
77  
35  
-1  
-47  
-10  
-52  
83  
19  
18  
89  
93  
-36  
-4  
53  
-38  
51  
50  
-96  
-12  
-83  
76  
72  
11  
38  
-68  
-24  
-21  
16  
-20  
70  
-22  
79  
9  
-34  
18  
-14  
-25  
-76  
-81  
-73  
-6  
85  
-14  
20  
-23  
43  
27  
56  
-20  
82  
-57  
65  
16  
81  
-46  
-71  
-24  
80  
71  
-28  
71  
58  
-34  
-65  
-19  
56  
29  
88  
-62  
44  
27  
68  
-19  
67  
-45  
-33  
73  
35  
-6  
52  
79  
15  
-65  
-4  
-91  
-98  
-17  
53  
63  
-73  
-35  
-97  
-23  
46  
67  
-48  
95  
-17  
70  
94  
51  
-40  
-90  
-54  
-86  
-12  
-27  
96  
41  
27  
-35  
56  
-99  
16  
-89  
-86  
70  
-55  
-31  
-34  
-2  
94  
49  
-39  
-31  
59  
-90  
23  
70  
-72  
-18  
8  
-97  
65  
29  
-92  
-80  
-14  
-25  
-60  
-83  
74  
15  
85  
-65  
-17  
38  
29  
30  
13  
-36  
-35  
18  
-42  
25  
-95  
-55  
4  
-57  
13  
94  
88  
-55  
-4  
-22  
-56  
12  
6  
-36  
-46  
13  
-33  
-93  
-15  
-20  
-20  
-26  
-61  
-60  
-90  
55  
-79  
-14  
-98  
-30  
26  
-70  
-45  
57  
-55  
62  
64  
59  
25  
56  
-2  
87  
38  
-18  
79  
8  
46  
-79  
38  
68  
-3  
88  
-61  
40  
41  
59  
93  
7  
48  
23  
-95  
-38  
-65  
-48  
-63  
-11  
7  
-65  
30  
73  
-60  
24  
36  
-69  
-40  
-21  
-10  
40  
-19  
5  
-40  
30  
-73  
93  
-95  
-35  
-85  
63  
-25  
-72  
-76  
4  
-90  
-42  
36  
98  
-37  
-22  
98  
53  
91  
-75  
-3  
27  
-9  
-66  
-23  
-99  
-26  
80  
36  
11  
-47  
-76  
52  
97  
-36  
-51  
0  
-30  
39  
-39  
90  
-52  
69  
32  
-34  
48  
23  
86  
26  
60  
-14  
-54  
70  
-17  
-16  
-71  
27  
22  
2  
12  
-51  
-1  
66  
-69  
24  
-97  
97  
-51  
-97  
20  
32  
-4  
79  
75  
3  
59  
94  
-71  
66  
-46  
49  
6  
16  
23  
17  
46  
51  
10  
53  
57  
-36  
98  
-77  
-14  
-31  
-93  
93  
-35  
-51  
-93  
81  
-59  
55  
-2  
87  
-94  
-33  
-68  
74  
58  
-59  
92  
43  
-70  
-46  
45  
63  
-87  
-57  
-81  
-78  
65  
-10  
51  
-90  
-83  
91  
5  
71  
-38  
19  
-7  
38  
84  
-42  
72  
65  
-23  
-68  
85  
-75  
-34  
-86  
17  
-50  
3  
-72  
92  
-28  
-52  
18  
19  
-19  
-97  
0  
-42  
-86  
95  
50  
97  
50  
27  
-82  
-51  
-35  
-25  
-42  
89  
67  
-2  
-29  
88  
80  
-82  
-12  
-53  
-19  
14  
-40  
86  
0  
4  
55  
20  
-34  
-4  
-36  
-99  
19  
-49  
-95  
92  
57  
-33  
-81  
-95  
92  
69  
20  
50  
-41  
22  
4  
-23  
56  
-60  
-12  
-40  
-94  
30  
89  
68  
78  
-53  
-10  
55  
-30  
33  
-96  
-24  
31  
98  
-28  
37  
60  
-97  
-50  
82  
-51  
31  
36  
-51  
82  
3  
-79  
-70  
81  
49  
66  
-5  
91  
35  
18  
74  
-53  
17  
69  
90  
82  
-59  
-50  
-29  
-6  
-18  
71  
24  
16  
-71  
-6  
-45  
-92  
28  
-40  
96  
-38  
36  
86  
47  
-55  
-89  
54  
-57  
-38  
0  
-14  
74  
-66  
20  
70  
35  
-22  
-38  
-14  
-61  
98  
-45  
-29  
10  
-97  
29  
74  
99  
-91  
69  
12  
90  
-10  
91  
-99  
-65  
70  
68  
-30  
-19  
-9  
90  
-82  
-5  
-16  
90  
11  
3  
-44  
-90  
5  
-48  
-89  
-4  
-34  
-2  
20  
29  
-25  
71  
98  
-57  
9  
82  
75  
60  
-82  
-12  
-56  
-98  
-98  
74  
89  
-30  
-95  
84  
-68  
12  
70  
-10  
89  
-62  
-79  
50  
-63  
50  
-14  
30  
-97  
38  
-62  
-82  
24  
41  
37  
-45  
-6  
54  
-51  
94  
45  
51  
-60  
-95  
11  
23  
70  
40  
2  
-33  
-36  
43  
-58  
15  
73  
-66  
27  
72  
-94  
-74  
92  
90  
42  
-7  
86  
15  
-23  
-25  
-11  
95  
-47  
73  
67  
-93  
45  
87  
15  
48  
-96  
-6  
45  
-7  
-36  
-88  
16  
63  
-11  
85  
-52  
-6  
-87  
3  
20  
-12  
-69  
-19  
-35  
-57  
5  
-31  
-68  
69  
-18  
50  
-48  
-47  
-87  
47  
51  
-62  
95  
-75  
-39  
60  
-31  
-47  
98  
85  
85  
99  
61  
66  
-87  
-65  
13  
-81  
-61  
-87  
27  
61  
-98  
44  
90  
32  
13  
-78  
-55  
-49  
-17  
-3  
-45  
41  
-47  
6  
-1  
-91  
28  
19  
-81  
8  
74  
64  
65  
0  
12  
95  
-46  
-58  
40  
38  
-24  
-74  
-11  
89  
71  
19  
-37  
-70  
0  
4  
48  
84  
47  
34  
60  
-81  
99  
-65  
-44  
87  
-58  
-95  
-30  
19  
69  
-88  
19  
69  
-32  
-10  
-27  
-53  
-76  
7  
44  
-26  
72  
10  
-67  
90  
-72  
14  
-64  
26  
-25  
-67  
-44  
98  
30  
-64  
-33  
-50  
-35  
-70  
55  
51  
61  
99  
-47  
-86  
59  
51  
7  
-8  
-57  
2  
-30  
99  
72  
43  
65  
-89  
-36  
72  
18  
-60  
82  
-62  
98  
-9  
-100  
28  
-30  
-13  
46  
57  
90  
-3  
-98  
96  
-49  
-24  
-79  
78  
-21  
-72  
-66  
64  
11  
38  
3  
28  
4  
-98  
-46  
13  
51  
59  
3  
-51  
97  
-17  
35  
-19  
62  
62  
-73  
4  
17  
-54  
-28  
-56  
-68  
-3  
76  
-60  
-58  
97  
-54  
21  
-75  
67  
28  
55  
-22  
-99  
42  
89  
-20  
54  
-70  
62  
-55  
-41  
-48  
29  
3  
-15  
-85  
-22  
27  
84  
71  
39  
35  
-14  
-62  
25  
-59  
-10  
92  
-78  
-57  
38  
58  
-75  
56  
26  
48  
40  
68  
-60  
85  
49  
61  
60  
7  
-21  
65  
-39  
2  
35  
-34  
95  
-31  
90  
39  
-2  
-90  
-82  
64  
19  
-99  
-25  
-37  
-78  
11  
-32  
-65  
88  
18  
-96  
69  
-27  
57  
28  
-52  
64  
-13  
-71  
-32  
-11  
12  
-68  
55  
0  
-12  
-88  
-12  
24  
-43  
-85  
53  
-25  
-27  
-2  
-48  
72  
-63  
-1  
-93  
-94  
58  
75  
62  
46  
-73  
55  
-74  
91  
89  
28  
52  
-26  
76  
-37  
-88  
-36  
50  
55  
-71  
81  
8  
-12  
80  
98  
45  
-90  
55  
-46  
16  
-75  
46  
68  
19  
93  
-92  
13  
-31  
96  
-5  
28  
-17  
-89  
42  
-51  
-36  
96  
-58  
28  
-10  
5  
94  
-16  
-11  
92  
77  
23  
29  
52  
57  
83  
-33  
5  
-85  
81  
39  
-99  
56  
65  
39  
71  
21  
-20  
-42  
-90  
17  
-62  
-22  
-73  
94  
-79  
92  
9  
64  
-47  
-6  
-43  
-94  
73  
94  
-72  
22  
-53  
-24  
-30  
26  
6  
13  
-13  
41  
4  
22  
98  
-12  
-29  
-11  
-70  
83  
-1  
35  
-3  
-28  
-36  
-42  
96  
-69  
64  
-11  
-85  
41  
1  
-65  
1  
31  
71  
-78  
9  
-46  
-52  
-2  
74  
-57  
-22  
38  
-69  
-52  
45  
-53  
24  
-52  
67  
40  
70  
-13  
75  
-12  
50  
1  
76  
81  
-31  
-66  
-72  
-54  
-90  
84  
-33  
-76  
-89  
37  
-75  
15  
-69  
-46  
16  
93  
-3  
27  
-37  
-99  
54  
65  
65  
-52  
-72  
32  
-95  
-94  
-49  
2  
-92  
-39  
-67  
-5  
-93  
78  
-29  
58  
-4  
-97  
-33  
85  
56  
12  
51  
-99  
-4  
94  
-48  
50  
-53  
63  
-27  
-4  
-46  
42  
76  
65  
-96  
-8  
-87  
36  
38  
44  
1  
67  
-100  
-25  
-26  
61  
30  
83  
-68  
-75  
-33  
53  
72  
51  
-3  
-47  
79  
20  
31  
16  
-20  
14  
95  
-75  
-43  
-61  
47  
-74  
-28  
65  
19  
-2  
91  
-95  
-7  
-68  
63  
-12  
31  
-13  
63  
0  
-97  
-22  
-90  
-69  
-60  
-28  
6  
-17  
-75  
79  
-37  
7  
-2  
39  
-92  
77  
-36  
33  
-47  
35  
14  
-13  
-7  
-56  
-55  
10  
7  
-33  
-27  
-86  
-10  
93  
91  
96  
51  
93  
-14  
16  
-46  
57  
-76  
88  
47  
19  
65  
-63  
27  
-70  
-21  
74  
41  
47  
60  
-83  
7  
54  
94  
-86  
68  
-96  
-77  
98  
72  
-26  
-48  
54  
42  
60  
88  
73  
-73  
22  
-3  
-44  
73  
-46  
-11  
-71  
63  
-18  
-80  
90  
54  
6  
-1  
9  
-65  
16  
-70  
-26  
67  
-46  
-40  
85  
-83  
-23  
-1  
67  
-66  
55  
-47  
-9  
-51  
12  
69  
-77  
45  
92  
51  
-87  
-28  
21  
-99  
-27  
70  
8  
-43  
31  
30  
-59  
-81  
54  
93  
-38  
-95  
72  
6  
19  
-42  
-7  
91  
95  
76  
100  
99  
40  
-39  
-24  
-79  
52  
51  
-4  
42  
-22  
-80  
5  
-92  
-43  
-19  
-81  
49  
38  
-41  
91  
-49  
-37  
-17  
6  
-49  
39  
-95  
-35  
-72  
-10  
-13  
9  
32  
85  
-20  
-91  
-52  
74  
-64  
64  
-28  
68  
23  
-14  
-4  
-80  
-77  
-38  
-88  
1  
31  
-67  
-13  
76  
-39  
-14  
75  
-79  
-95  
96  
73  
-55  
-100  
-3  
96  
17  
37  
76  
-63  
85  
11  
31  
76  
-8  
34  
24  
7  
-90  
79  
26  
4  
-69  
1  
39  
69  
23  
-44  
72  
-76  
82  
3  
-32  
-51  
-39  
-25  
83  
53  
-4  
94  
-7  
-66  
94  
-96  
80  
43  
-85  
86  
-88  
-5  
-64  
-5  
65  
39  
-37  
45  
-67  
-7  
9  
-94  
-85  
-63  
57  
53  
-45  
-97  
-59  
-42  
96  
-16  
-22  
86  
-35  
38  
-5  
-49  
11  
23  
72  
-4  
-44  
-56  
30  
-21  
36  
-31  
-30  
-77  
33  
57  
-64  
97  
9  
-91  
41  
27  
-20  
37  
40  
50  
-69  
62  
-42  
-52  
84  
-92  
60  
-92  
48  
45  
-31  
-81  
-22  
25  
98  
-58  
42  
-75  
-96  
-68  
81  
-16  
55  
-87  
17  
-37  
-1  
67  
-93  
37  
62  
22  
54  
96  
32  
-37  
38  
-22  
3  
-99  
-52  
28  
91  
-48  
55  
16  
-25  
-9  
44  
88  
-2  
78  
19  
40  
-75  
-34  
2  
91  
-60  
7  
35  
35  
-11  
11  
-95  
-26  
-74  
-25  
15  
61  
59  
-3  
-49  
-3  
-89  
-18  
-43  
-24  
-8  
-66  
-59  
-84  
63  
82  
-69  
-30  
75  
54  
60  
-33  
96  
-81  
21  
-10  
84  
-87  
-9  
-85  
-60  
-87  
98  
7  
-85  
45  
57  
-26  
74  
-44  
71  
-92  
-28  
91  
-84  
-68  
-43  
-87  
90  
7  
67  
-27  
79  
48  
-15  
20  
17  
88  
21  
-30  
-100  
-88  
-1  
-28  
14  
-5  
85  
-84  
-53  
-63  
2  
-28  
-4  
72  
81  
41  
37  
68  
-98  
14  
-43  
50  
-67  
-81  
97  
-19  
27  
3  
-79  
23  
60  
18  
-65  
65  
91  
72  
-22  
14  
-54  
90  
54  
15  
-61  
-1  
-1  
25  
-27  
77  
-88  
55  
90  
-35  
-29  
7  
68  
18  
-21  
-44  
-9  
2  
19  
50  
72  
-65  
-64  
-86  
11  
-27  
57  
-14  
67  
-34  
-74  
15  
-67  
-83  
46  
-75  
-26  
-58  
56  
-22  
1  
75  
-49  
-51  
44  
96  
74  
70  
-37  
-7  
4  
-72  
-60  
54  
-14  
-67  
79  
-38  
18  
86  
-60  
-98  
23  
12  
64  
-21  
-44  
4  
34  
23  
-67  
80  
-18  
-42  
15  
-93  
30  
62  
-93  
-27  
-46  
36  
92  
-61  
-79  
-73  
9  
-46  
-59  
-41  
-33  
30  
18  
69  
-10  
-80  
23  
-63  
57  
32  
90  
-94  
43  
-52  
-46  
5  
66  
-79  
-83  
-64  
45  
57  
-49  
92  
-66  
-86  
82  
29  
-95  
80  
-61  
-61  
-11  
61  
79  
92  
25  
2  
-59  
-32  
76  
-36  
-6  
-18  
-64  
55  
72  
-7  
-35  
16  
27  
3  
-76  
-3  
18  
-58  
-83  
48  
76  
7  
25  
-55  
82  
-27  
55  
-47  
10  
-5  
-27  
61  
-74  
28  
-30  
38  
40  
-19  
45  
92  
39  
-96  
17  
-67  
-76  
-17  
16  
18  
0  
40  
47  
31  
97  
-80  
76  
47  
-96  
34  
87  
13  
-26  
37  
-93  
-20  
66  
-64  
-49  
-25  
0  
60  
-41  
99  
-12  
63  
74  
-79  
-24  
43  
42  
80  
-1  
69  
47  
55  
14  
40  
-12  
-15  
46  
-5  
43  
85  
74  
-80  
-14  
-16  
29  
-85  
6  
-77  
41  
-81  
-97  
67  
82  
-21  
-33  
-93  
8  
1  
-83  
-73  
-65  
-32  
24  
97  
68  
31  
-20  
-98  
0  
-89  
92  
-50  
-8  
-60  
-19  
2  
-6  
-74  
19  
49  
-18  
72  
10  
26  
-23  
19  
79  
-20  
-90  
2  
90  
-94  
-73  
-96  
99  
69  
-99  
37  
61  
-92  
-92  
25  
-60  
71  
-13  
-72  
7  
-76  
29  
-55  
-48  
19  
13  
73  
-44  
23  
25  
-93  
-5  
-73  
48  
56  
-13  
3  
28  
-98  
92  
43  
13  
-83  
58  
81  
65  
-2  
83  
-81  
4  
-64  
-20  
70  
25  
49  
-71  
67  
42  
-94  
5  
-71  
-23  
-70  
-60  
0  
-87  
-52  
33  
45  
-75  
-98  
-52  
-75  
60  
84  
32  
-27  
70  
-20  
-62  
84  
-35  
23  
-6  
97  
83  
6  
-49  
-54  
57  
-76  
53  
-44  
55  
-36  
57  
64  
-11  
62  
29  
47  
16  
-44  
-7  
-55  
-97  
-50  
73  
-95  
-18  
-88  
-42  
28  
-24  
19  
-94  
72  
43  
-89  
-23  
69  
-74  
-23  
28  
-36  
-96  
35  
8  
47  
-26  
-91  
51  
39  
40  
-2  
29  
-42  
28  
-69  
-33  
-69  
-71  
53  
-70  
-82  
-4  
-42  
-23  
-60  
5  
-69  
-99  
-76  
-37  
-61  
-44  
-74  
83  
-47  
-1  
87  
-1  
9  
6  
7  
-70  
-16  
-65  
-67  
23  
-95  
54  
82  
92  
-77  
44  
-13  
-26  
-64  
76  
-66  
11  
58  
-70  
17  
-2  
-62  
79  
-22  
-100  
34  
76  
3  
-1  
24  
42  
8  
63  
-74  
4  
18  
-47  
56  
49  
94  
68  
-79  
33  
74  
-38  
25  
11  
-98  
22  
-61  
-73  
-84  
71  
-18  
-32  
62  
39  
71  
-96  
27  
9  
-25  
-63  
20  
-66  
-87  
-43  
-74  
43  
-14  
-21  
-82  
53  
95  
9  
-67  
-92  
-83  
4  
67  
74  
-62  
-62  
80  
-31  
-43  
89  
-77  
-82  
75  
67  
-22  
-32  
-97  
-11  
-77  
-25  
89  
61  
39  
-38  
-37  
-21  
24  
87  
-75  
33  
71  
65  
18  
36  
99  
-6  
4  
97  
-50  
66  
100  
-35  
-30  
28  
-32  
98  
39  
75  
89  
72  
92  
-57  
21  
65  
-13  
1  
-24  
13  
31  
-89  
5  
-99  
-42  
-98  
-11  
3  
-29  
-47  
-97  
45  
95  
-71  
-35  
13  
-49  
18  
63  
67  
-93  
4  
72  
68  
42  
91  
-84  
52  
-87  
28  
87  
-23  
-44  
-98  
-66  
28  
15  
41  
-58  
-90  
-28  
-19  
92  
-21  
20  
-40  
-91  
-47  
95  
80  
91  
63  
-84  
5  
8  
16  
75  
-99  
-51  
-29  
24  
16  
-99  
46  
-22  
24  
-85  
-82  
25  
-5  
17  
-72  
-95  
-44  
-48  
-59  
-51  
68  
-13  
-39  
-84  
-30  
-55  
-83  
-4  
94  
-15  
3  
0  
-57  
28  
-44  
-42  
-22  
52  
-89  
-63  
64  
58  
-62  
13  
13  
4  
53  
32  
93  
93  
53  
-32  
-71  
-56  
-65  
-55  
12  
-96  
93  
-93  
-32  
74  
-57  
44  
10  
59  
76  
-25  
73  
62  
-16  
95  
77  
-49  
-16  
39  
37  
56  
-72  
97  
63  
76  
-6  
-10  
40  
46  
41  
-57  
80  
-98  
59  
-70  
26  
-44  
33  
-4  
-23  
60  
79  
8  
-66  
2  
-99  
-59  
56  
81  
-13  
9  
46  
-38  
54  
55  
99  
30  
-40  
56  
-20  
-57  
-93  
-46  
-15  
-65  
-93  
